0 1.98898 2
0.002 1.98898 1.99996
0.004 1.9889 1.99984
0.006 1.98875 1.99964
0.008 1.98851 1.99937
0.01 1.98819 1.99901
0.012 1.9878 1.99858
0.014 1.98733 1.99807
0.016 1.98677 1.99747
0.018 1.98614 1.9968
0.02 1.98543 1.99605
0.022 1.98464 1.99523
0.024 1.98378 1.99432
0.026 1.98283 1.99333
0.028 1.98181 1.99227
0.03 1.9807 1.99112
0.032 1.97952 1.9899
0.034 1.97826 1.9886
0.036 1.97692 1.98722
0.038 1.97551 1.98577
0.04 1.97401 1.98423
0.042 1.97244 1.98262
0.044 1.97078 1.98092
0.046 1.96905 1.97915
0.048 1.96725 1.9773
0.05 1.96536 1.97538
0.052 1.96339 1.97337
0.054 1.96135 1.97129
0.056 1.95923 1.96913
0.058 1.95703 1.96689
0.06 1.95476 1.96457
0.062 1.95241 1.96218
0.064 1.94998 1.95971
0.066 1.94747 1.95716
0.068 1.94488 1.95454
0.07 1.94222 1.95183
0.072 1.93948 1.94905
0.074 1.93667 1.9462
0.076 1.93378 1.94326
0.078 1.93081 1.94025
0.08 1.92776 1.93717
0.082 1.92464 1.934
0.084 1.92144 1.93076
0.086 1.91816 1.92745
0.088 1.91481 1.92406
0.09 1.91139 1.92059
0.092 1.90788 1.91704
0.094 1.90431 1.91342
0.096 1.90065 1.90973
0.098 1.89692 1.90596
0.1 1.89312 1.90211
0.102 1.88924 1.89819
0.104 1.88529 1.8942
0.106 1.88126 1.89013
0.108 1.87715 1.88598
0.11 1.87298 1.88176
0.112 1.86872 1.87747
0.114 1.8644 1.8731
0.116 1.86 1.86866
0.118 1.85552 1.86414
0.12 1.85098 1.85955
0.122 1.84636 1.85489
0.124 1.84166 1.85015
0.126 1.8369 1.84535
0.128 1.83206 1.84046
0.13 1.82714 1.83551
0.132 1.82216 1.83048
0.134 1.8171 1.82538
0.136 1.81197 1.82021
0.138 1.80677 1.81497
0.14 1.8015 1.80965
0.142 1.79616 1.80427
0.144 1.79074 1.79881
0.146 1.78526 1.79328
0.148 1.7797 1.78768
0.15 1.77407 1.78201
0.152 1.76837 1.77627
0.154 1.76261 1.77046
0.156 1.75677 1.76458
0.158 1.75086 1.75863
0.16 1.74488 1.75261
0.162 1.73884 1.74652
0.164 1.73272 1.74037
0.166 1.72654 1.73414
0.168 1.72029 1.72785
0.17 1.71397 1.72148
0.172 1.70758 1.71505
0.174 1.70113 1.70855
0.176 1.6946 1.70199
0.178 1.68801 1.69536
0.18 1.68136 1.68866
0.182 1.67463 1.68189
0.184 1.66784 1.67506
0.186 1.66099 1.66816
0.188 1.65407 1.66119
0.19 1.64708 1.65416
0.192 1.64003 1.64707
0.194 1.63291 1.6399
0.196 1.62573 1.63268
0.198 1.61848 1.62539
0.2 1.61117 1.61803
0.202 1.60379 1.61062
0.204 1.59636 1.60313
0.206 1.58886 1.59559
0.208 1.58129 1.58798
0.21 1.57366 1.58031
0.212 1.56597 1.57258
0.214 1.55822 1.56478
0.216 1.55041 1.55692
0.218 1.54254 1.54901
0.22 1.5346 1.54103
0.222 1.5266 1.53299
0.224 1.51855 1.52489
0.226 1.51043 1.51672
0.228 1.50225 1.5085
0.23 1.49402 1.50022
0.232 1.48572 1.49188
0.234 1.47737 1.48348
0.236 1.46895 1.47503
0.238 1.46048 1.46651
0.24 1.45195 1.45794
0.242 1.44337 1.44931
0.244 1.43472 1.44062
0.246 1.42602 1.43187
0.248 1.41726 1.42307
0.25 1.40845 1.41421
0.252 1.39958 1.4053
0.254 1.39066 1.39633
0.256 1.38168 1.38731
0.258 1.37264 1.37823
0.26 1.36355 1.36909
0.262 1.35441 1.35991
0.264 1.34522 1.35067
0.266 1.33597 1.34137
0.268 1.32666 1.33202
0.27 1.31731 1.32262
0.272 1.3079 1.31317
0.274 1.29844 1.30367
0.276 1.28893 1.29411
0.278 1.27937 1.28451
0.28 1.26976 1.27485
0.282 1.26009 1.26514
0.284 1.25038 1.25538
0.286 1.24062 1.24558
0.288 1.23081 1.23572
0.29 1.22095 1.22581
0.292 1.21104 1.21586
0.294 1.20108 1.20586
0.296 1.19108 1.19581
0.298 1.18103 1.18571
0.3 1.17093 1.17557
0.302 1.16079 1.16538
0.304 1.1506 1.15515
0.306 1.14036 1.14486
0.308 1.13008 1.13454
0.31 1.11975 1.12417
0.312 1.10938 1.11375
0.314 1.09897 1.10329
0.316 1.08851 1.09279
0.318 1.07801 1.08224
0.32 1.06747 1.07165
0.322 1.05688 1.06102
0.324 1.04626 1.05035
0.326 1.03559 1.03963
0.328 1.02488 1.02888
0.33 1.01413 1.01808
0.332 1.00334 1.00725
0.334 0.992506 0.99637
0.336 0.981637 0.985455
0.338 0.970728 0.9745
0.34 0.959781 0.963507
0.342 0.948796 0.952476
0.344 0.937773 0.941408
0.346 0.926714 0.930302
0.348 0.915617 0.91916
0.35 0.904485 0.907981
0.352 0.893316 0.896766
0.354 0.882112 0.885516
0.356 0.870873 0.874232
0.358 0.8596 0.862912
0.36 0.848293 0.851559
0.362 0.836952 0.840171
0.364 0.825577 0.828751
0.366 0.814171 0.817298
0.368 0.802732 0.805813
0.37 0.791261 0.794296
0.372 0.779758 0.782747
0.374 0.768225 0.771168
0.376 0.756662 0.759558
0.378 0.745068 0.747918
0.38 0.733445 0.736249
0.382 0.721793 0.724551
0.384 0.710113 0.712824
0.386 0.698404 0.701069
0.388 0.686668 0.689286
0.39 0.674904 0.677476
0.392 0.663114 0.665639
0.394 0.651297 0.653776
0.396 0.639455 0.641887
0.398 0.627587 0.629973
0.4 0.615695 0.618034
0.402 0.603778 0.606071
0.404 0.591837 0.594083
0.406 0.579873 0.582072
0.408 0.567885 0.570039
0.41 0.555876 0.557982
0.412 0.543844 0.545904
0.414 0.531791 0.533804
0.416 0.519716 0.521683
0.418 0.507621 0.509541
0.42 0.495506 0.49738
0.422 0.483372 0.485199
0.424 0.471218 0.472998
0.426 0.459046 0.460779
0.428 0.446855 0.448542
0.43 0.434647 0.436287
0.432 0.422421 0.424014
0.434 0.410179 0.411725
0.436 0.39792 0.39942
0.438 0.385646 0.387099
0.44 0.373357 0.374763
0.442 0.361052 0.362412
0.444 0.348734 0.350046
0.446 0.336401 0.337667
0.448 0.324055 0.325274
0.45 0.311697 0.312869
0.452 0.299326 0.300451
0.454 0.286943 0.288022
0.456 0.274549 0.275581
0.458 0.262144 0.263129
0.46 0.249729 0.250667
0.462 0.237303 0.238194
0.464 0.224869 0.225713
0.466 0.212425 0.213222
0.468 0.199973 0.200723
0.47 0.187513 0.188217
0.472 0.175046 0.175702
0.474 0.162572 0.163181
0.476 0.150091 0.150654
0.478 0.137604 0.13812
0.48 0.125112 0.125581
0.482 0.112615 0.113037
0.484 0.100114 0.100489
0.486 0.087608 0.0879363
0.488 0.0750991 0.0753804
0.49 0.0625871 0.0628216
0.492 0.0500727 0.0502602
0.494 0.0375564 0.0376969
0.496 0.0250385 0.0251321
0.498 0.0125196 0.0125663
0.5 2.64798e-07 5.35898e-08
0.502 -0.0125191 -0.0125662
0.504 -0.025038 -0.025132
0.506 -0.0375558 -0.0376968
0.508 -0.0500722 -0.0502601
0.51 -0.0625866 -0.0628215
0.512 -0.0750985 -0.0753803
0.514 -0.0876075 -0.0879362
0.516 -0.100113 -0.100489
0.518 -0.112614 -0.113037
0.52 -0.125112 -0.125581
0.522 -0.137604 -0.13812
0.524 -0.15009 -0.150654
0.526 -0.162571 -0.163181
0.528 -0.175045 -0.175702
0.53 -0.187513 -0.188217
0.532 -0.199973 -0.200723
0.534 -0.212425 -0.213222
0.536 -0.224868 -0.225713
0.538 -0.237303 -0.238194
0.54 -0.249728 -0.250666
0.542 -0.262143 -0.263129
0.544 -0.274548 -0.275581
0.546 -0.286943 -0.288022
0.548 -0.299325 -0.300451
0.55 -0.311696 -0.312869
0.552 -0.324055 -0.325274
0.554 -0.336401 -0.337667
0.556 -0.348733 -0.350046
0.558 -0.361052 -0.362411
0.56 -0.373356 -0.374763
0.562 -0.385646 -0.387099
0.564 -0.39792 -0.39942
0.566 -0.410178 -0.411725
0.568 -0.422421 -0.424014
0.57 -0.434646 -0.436286
0.572 -0.446854 -0.448541
0.574 -0.459045 -0.460779
0.576 -0.471217 -0.472998
0.578 -0.483371 -0.485198
0.58 -0.495506 -0.49738
0.582 -0.507621 -0.509541
0.584 -0.519716 -0.521683
0.586 -0.53179 -0.533804
0.588 -0.543843 -0.545904
0.59 -0.555875 -0.557982
0.592 -0.567885 -0.570038
0.594 -0.579872 -0.582072
0.596 -0.591836 -0.594083
0.598 -0.603777 -0.60607
0.6 -0.615694 -0.618034
0.602 -0.627587 -0.629973
0.604 -0.639454 -0.641887
0.606 -0.651297 -0.653776
0.608 -0.663113 -0.665639
0.61 -0.674904 -0.677476
0.612 -0.686667 -0.689286
0.614 -0.698404 -0.701069
0.616 -0.710112 -0.712824
0.618 -0.721793 -0.724551
0.62 -0.733445 -0.736249
0.622 -0.745068 -0.747918
0.624 -0.756661 -0.759558
0.626 -0.768225 -0.771168
0.628 -0.779758 -0.782747
0.63 -0.79126 -0.794296
0.632 -0.802731 -0.805813
0.634 -0.81417 -0.817298
0.636 -0.825577 -0.828751
0.638 -0.836951 -0.840171
0.64 -0.848292 -0.851559
0.642 -0.859599 -0.862912
0.644 -0.870873 -0.874231
0.646 -0.882112 -0.885516
0.648 -0.893315 -0.896766
0.65 -0.904484 -0.907981
0.652 -0.915617 -0.91916
0.654 -0.926713 -0.930302
0.656 -0.937773 -0.941408
0.658 -0.948796 -0.952476
0.66 -0.959781 -0.963507
0.662 -0.970728 -0.9745
0.664 -0.981636 -0.985455
0.666 -0.992506 -0.99637
0.668 -1.00334 -1.00725
0.67 -1.01413 -1.01808
0.672 -1.02488 -1.02888
0.674 -1.03559 -1.03963
0.676 -1.04626 -1.05035
0.678 -1.05688 -1.06102
0.68 -1.06747 -1.07165
0.682 -1.07801 -1.08224
0.684 -1.08851 -1.09279
0.686 -1.09897 -1.10329
0.688 -1.10938 -1.11375
0.69 -1.11975 -1.12417
0.692 -1.13008 -1.13454
0.694 -1.14036 -1.14486
0.696 -1.1506 -1.15515
0.698 -1.16079 -1.16538
0.7 -1.17093 -1.17557
0.702 -1.18103 -1.18571
0.704 -1.19108 -1.19581
0.706 -1.20108 -1.20586
0.708 -1.21104 -1.21586
0.71 -1.22095 -1.22581
0.712 -1.23081 -1.23572
0.714 -1.24062 -1.24558
0.716 -1.25038 -1.25538
0.718 -1.26009 -1.26514
0.72 -1.26976 -1.27485
0.722 -1.27937 -1.28451
0.724 -1.28893 -1.29411
0.726 -1.29844 -1.30367
0.728 -1.3079 -1.31317
0.73 -1.31731 -1.32262
0.732 -1.32666 -1.33202
0.734 -1.33597 -1.34137
0.736 -1.34521 -1.35067
0.738 -1.35441 -1.35991
0.74 -1.36355 -1.36909
0.742 -1.37264 -1.37823
0.744 -1.38168 -1.38731
0.746 -1.39066 -1.39633
0.748 -1.39958 -1.4053
0.75 -1.40845 -1.41421
0.752 -1.41726 -1.42307
0.754 -1.42602 -1.43187
0.756 -1.43472 -1.44062
0.758 -1.44337 -1.44931
0.76 -1.45195 -1.45794
0.762 -1.46048 -1.46651
0.764 -1.46895 -1.47503
0.766 -1.47737 -1.48348
0.768 -1.48572 -1.49188
0.77 -1.49402 -1.50022
0.772 -1.50225 -1.5085
0.774 -1.51043 -1.51672
0.776 -1.51855 -1.52488
0.778 -1.5266 -1.53299
0.78 -1.5346 -1.54103
0.782 -1.54253 -1.54901
0.784 -1.55041 -1.55692
0.786 -1.55822 -1.56478
0.788 -1.56597 -1.57258
0.79 -1.57366 -1.58031
0.792 -1.58129 -1.58798
0.794 -1.58885 -1.59559
0.796 -1.59636 -1.60313
0.798 -1.60379 -1.61062
0.8 -1.61117 -1.61803
0.802 -1.61848 -1.62539
0.804 -1.62573 -1.63268
0.806 -1.63291 -1.6399
0.808 -1.64003 -1.64707
0.81 -1.64708 -1.65416
0.812 -1.65407 -1.66119
0.814 -1.66099 -1.66816
0.816 -1.66784 -1.67506
0.818 -1.67463 -1.68189
0.82 -1.68136 -1.68866
0.822 -1.68801 -1.69536
0.824 -1.6946 -1.70199
0.826 -1.70113 -1.70855
0.828 -1.70758 -1.71505
0.83 -1.71397 -1.72148
0.832 -1.72029 -1.72785
0.834 -1.72654 -1.73414
0.836 -1.73272 -1.74037
0.838 -1.73884 -1.74652
0.84 -1.74488 -1.75261
0.842 -1.75086 -1.75863
0.844 -1.75677 -1.76458
0.846 -1.76261 -1.77046
0.848 -1.76837 -1.77627
0.85 -1.77407 -1.78201
0.852 -1.7797 -1.78768
0.854 -1.78525 -1.79328
0.856 -1.79074 -1.79881
0.858 -1.79616 -1.80427
0.86 -1.8015 -1.80965
0.862 -1.80677 -1.81497
0.864 -1.81197 -1.82021
0.866 -1.8171 -1.82538
0.868 -1.82216 -1.83048
0.87 -1.82714 -1.83551
0.872 -1.83206 -1.84046
0.874 -1.8369 -1.84535
0.876 -1.84166 -1.85015
0.878 -1.84636 -1.85489
0.88 -1.85098 -1.85955
0.882 -1.85552 -1.86414
0.884 -1.86 -1.86866
0.886 -1.8644 -1.8731
0.888 -1.86872 -1.87747
0.89 -1.87298 -1.88176
0.892 -1.87715 -1.88598
0.894 -1.88126 -1.89013
0.896 -1.88529 -1.8942
0.898 -1.88924 -1.89819
0.9 -1.89312 -1.90211
0.902 -1.89692 -1.90596
0.904 -1.90065 -1.90973
0.906 -1.90431 -1.91342
0.908 -1.90788 -1.91704
0.91 -1.91139 -1.92059
0.912 -1.91481 -1.92406
0.914 -1.91816 -1.92745
0.916 -1.92144 -1.93076
0.918 -1.92464 -1.934
0.92 -1.92776 -1.93717
0.922 -1.93081 -1.94025
0.924 -1.93377 -1.94326
0.926 -1.93667 -1.9462
0.928 -1.93948 -1.94905
0.93 -1.94222 -1.95183
0.932 -1.94488 -1.95454
0.934 -1.94747 -1.95716
0.936 -1.94998 -1.95971
0.938 -1.95241 -1.96218
0.94 -1.95476 -1.96457
0.942 -1.95703 -1.96689
0.944 -1.95923 -1.96913
0.946 -1.96135 -1.97129
0.948 -1.96339 -1.97337
0.95 -1.96536 -1.97538
0.952 -1.96724 -1.9773
0.954 -1.96905 -1.97915
0.956 -1.97078 -1.98092
0.958 -1.97244 -1.98262
0.96 -1.97401 -1.98423
0.962 -1.9755 -1.98577
0.964 -1.97692 -1.98722
0.966 -1.97826 -1.9886
0.968 -1.97952 -1.9899
0.97 -1.9807 -1.99112
0.972 -1.98181 -1.99227
0.974 -1.98283 -1.99333
0.976 -1.98378 -1.99432
0.978 -1.98464 -1.99523
0.98 -1.98543 -1.99605
0.982 -1.98614 -1.9968
0.984 -1.98677 -1.99747
0.986 -1.98733 -1.99807
0.988 -1.9878 -1.99858
0.99 -1.98819 -1.99901
0.992 -1.98851 -1.99937
0.994 -1.98875 -1.99964
0.996 -1.9889 -1.99984
0.998 -1.98898 -1.99996
1 -1.98898 -2
